value,key
0,actress
1,actor
2,director
3,writer
4,producer
5,cinematographer
6,self
7,editor
8,composer
9,production_designer
10,archive_footage
11,archive_sound
